2.283333333333333
2.283333333333333
2.283333333333333
2.283333333333333
2.283333333333333
2.283333333333333
2.283333333333333
2.283333333333333
2.283333333333333
2.283333333333333
2.283333333333333
2.283333333333333
2.283333333333333
2.283333333333333
2.283333333333333
2.283333333333333
2.283333333333333
2.283333333333333
2.283333333333333
2.283333333333333
2.283333333333333
2.283333333333333
2.283333333333333
2.283333333333333
2.283333333333333
2.283333333333333
2.283333333333333
2.283333333333333
2.283333333333333
2.283333333333333
2.283333333333333
2.283333333333333
2.283333333333333
2.283333333333333
2.283333333333333
2.283333333333333
2.283333333333333
2.283333333333333
2.283333333333333
2.283333333333333
2.283333333333333
2.283333333333333
2.283333333333333
2.283333333333333
2.283333333333333
2.283333333333333
2.283333333333333
2.283333333333333
2.283333333333333
2.283333333333333
2.283333333333333
2.283333333333333
2.283333333333333
2.283333333333333
2.283333333333333
2.283333333333333
2.283333333333333
2.283333333333333
2.283333333333333
2.283333333333333
2.283333333333333
2.283333333333333
2.283333333333333
2.283333333333333
2.283333333333333
2.283333333333333
2.283333333333333
1.95
1.45
1.45
2.033333333333333
2.283333333333333
2.283333333333333
2.283333333333333
2.283333333333333
2.283333333333333
2.283333333333333
2.283333333333333
2.283333333333333
2.283333333333333
2.283333333333333
2.283333333333333
2.283333333333333
2.283333333333333
2.283333333333333
2.283333333333333
2.283333333333333
2.283333333333333
2.283333333333333
2.283333333333333
2.283333333333333
2.283333333333333
2.283333333333333
2.283333333333333
1.7833333333333332
1.45
1.45
1.45
1.0333333333333332
1.2833333333333332
2.283333333333333
2.283333333333333
2.283333333333333
2.283333333333333
2.283333333333333
2.283333333333333
2.283333333333333
2.283333333333333
2.283333333333333
2.283333333333333
2.283333333333333
2.283333333333333
2.283333333333333
2.283333333333333
2.283333333333333
2.283333333333333
2.283333333333333
2.283333333333333
2.283333333333333
2.283333333333333
2.283333333333333
2.283333333333333
1.7833333333333332
1.45
1.45
1.45
1.0333333333333332
1.2833333333333332
2.283333333333333
2.283333333333333
2.283333333333333
2.283333333333333
2.283333333333333
2.283333333333333
2.283333333333333
2.283333333333333
2.283333333333333
2.283333333333333
2.283333333333333
2.283333333333333
2.283333333333333
2.283333333333333
2.283333333333333
2.283333333333333
2.283333333333333
2.283333333333333
2.283333333333333
2.283333333333333
2.283333333333333
2.283333333333333
1.7833333333333332
1.95
1.95
1.45
0.7
1.0333333333333332
2.283333333333333
2.083333333333333
2.083333333333333
2.283333333333333
2.283333333333333
2.283333333333333
2.283333333333333
2.283333333333333
2.283333333333333
2.283333333333333
2.283333333333333
2.283333333333333
2.283333333333333
2.283333333333333
2.283333333333333
2.283333333333333
2.283333333333333
2.283333333333333
2.283333333333333
2.283333333333333
2.283333333333333
2.283333333333333
1.45
1.95
1.95
1.45
0.2
1.0333333333333332
1.2833333333333332
2.083333333333333
2.083333333333333
2.283333333333333
2.283333333333333
2.283333333333333
2.283333333333333
2.283333333333333
2.283333333333333
2.283333333333333
2.283333333333333
2.283333333333333
2.283333333333333
2.283333333333333
2.283333333333333
2.283333333333333
2.283333333333333
2.283333333333333
2.283333333333333
2.283333333333333
2.283333333333333
2.283333333333333
1.45
1.95
1.95
0.45
0.2
0.7
1.2833333333333332
2.083333333333333
2.083333333333333
2.283333333333333
2.283333333333333
2.283333333333333
2.283333333333333
2.283333333333333
2.283333333333333
2.283333333333333
2.283333333333333
2.283333333333333
2.283333333333333
2.283333333333333
2.283333333333333
2.283333333333333
2.283333333333333
2.283333333333333
2.283333333333333
2.283333333333333
2.283333333333333
2.283333333333333
1.45
1.95
1.95
0.45
0.2
0.7
1.0833333333333333
2.083333333333333
2.083333333333333
2.283333333333333
2.283333333333333
2.283333333333333
2.283333333333333
2.283333333333333
2.283333333333333
2.283333333333333
2.283333333333333
2.283333333333333
2.283333333333333
2.283333333333333
2.283333333333333
2.283333333333333
2.283333333333333
2.283333333333333
2.283333333333333
2.283333333333333
2.283333333333333
2.283333333333333
1.45
1.95
1.45
0.45
0.2
0.0
0.75
2.083333333333333
2.083333333333333
2.083333333333333
2.283333333333333
2.283333333333333
2.283333333333333
2.283333333333333
2.283333333333333
2.283333333333333
2.283333333333333
2.283333333333333
2.283333333333333
2.283333333333333
2.283333333333333
2.283333333333333
2.283333333333333
2.283333333333333
2.283333333333333
2.283333333333333
2.283333333333333
2.283333333333333
1.45
1.95
0.45
0.25
1.5
0.0
0.75
1.0833333333333333
2.083333333333333
2.083333333333333
2.283333333333333
2.283333333333333
2.283333333333333
2.283333333333333
2.283333333333333
2.283333333333333
2.283333333333333
2.283333333333333
2.283333333333333
2.283333333333333
2.283333333333333
2.283333333333333
2.283333333333333
2.283333333333333
2.283333333333333
2.283333333333333
2.283333333333333
2.283333333333333
1.45
1.95
0.45
0.45
1.0
0.0
0.45
0.75
2.083333333333333
2.283333333333333
2.283333333333333
2.283333333333333
2.283333333333333
2.283333333333333
2.283333333333333
2.283333333333333
2.283333333333333
2.283333333333333
2.283333333333333
2.283333333333333
2.283333333333333
2.283333333333333
2.283333333333333
2.283333333333333
2.283333333333333
2.283333333333333
2.283333333333333
2.283333333333333
1.45
1.95
0.45
0.75
0.0
0.5333333333333333
0.25
0.75
2.083333333333333
2.083333333333333
2.083333333333333
2.283333333333333
2.283333333333333
2.283333333333333
2.283333333333333
2.283333333333333
2.283333333333333
2.283333333333333
2.283333333333333
2.283333333333333
2.283333333333333
2.283333333333333
2.283333333333333
2.283333333333333
2.283333333333333
2.283333333333333
2.283333333333333
1.7833333333333332
1.45
0.95
0.25
0.75
0.5
0.3333333333333333
0.25
0.25
1.75
2.083333333333333
2.083333333333333
2.283333333333333
2.283333333333333
2.283333333333333
2.283333333333333
2.283333333333333
2.283333333333333
2.283333333333333
2.283333333333333
2.283333333333333
2.283333333333333
2.283333333333333
2.283333333333333
2.283333333333333
2.283333333333333
2.283333333333333
2.283333333333333
1.45
1.45
1.2833333333333332
0.25
0.0
0.0
0.5333333333333333
0.3333333333333333
0.25
0.75
1.0833333333333333
2.283333333333333
2.283333333333333
2.283333333333333
2.283333333333333
2.283333333333333
2.283333333333333
2.283333333333333
2.283333333333333
2.283333333333333
2.283333333333333
2.283333333333333
2.283333333333333
2.283333333333333
2.283333333333333
2.283333333333333
2.283333333333333
2.283333333333333
1.45
0.45
1.0833333333333333
0.5
1.7
1.95
1.2833333333333332
1.8333333333333333
0.0
0.25
0.75
2.083333333333333
2.283333333333333
2.283333333333333
2.283333333333333
2.283333333333333
2.283333333333333
2.283333333333333
2.283333333333333
2.283333333333333
2.283333333333333
2.283333333333333
2.283333333333333
2.283333333333333
2.283333333333333
2.283333333333333
2.283333333333333
2.283333333333333
1.45
0.75
0.8333333333333333
0.5
1.5
1.5
0.8333333333333333
0.8333333333333333
1.8333333333333333
0.0
1.75
2.083333333333333
2.083333333333333
2.283333333333333
2.283333333333333
2.283333333333333
2.283333333333333
2.283333333333333
2.283333333333333
2.283333333333333
2.283333333333333
2.283333333333333
2.283333333333333
2.283333333333333
2.283333333333333
2.283333333333333
2.283333333333333
1.95
0.25
0.75
0.8333333333333333
0.5
0.7
0.7
1.0333333333333332
0.8333333333333333
2.033333333333333
0.2
0.25
1.75
2.283333333333333
2.283333333333333
2.283333333333333
2.283333333333333
2.283333333333333
2.283333333333333
2.283333333333333
2.283333333333333
2.283333333333333
2.283333333333333
2.283333333333333
2.283333333333333
2.283333333333333
2.283333333333333
1.75
1.25
0.25
0.5
0.7
0.45
0.45
0.95
1.75
0.75
0.75
0.5
0.25
1.25
2.083333333333333
2.083333333333333
2.083333333333333
2.083333333333333
2.083333333333333
2.283333333333333
2.283333333333333
2.283333333333333
2.283333333333333
2.283333333333333
2.283333333333333
2.283333333333333
2.283333333333333
2.083333333333333
2.083333333333333
1.25
0.0
0.5
0.5833333333333333
1.25
1.25
1.25
1.5833333333333333
1.5833333333333333
1.0833333333333333
0.8333333333333333
0.7
1.0
1.75
2.283333333333333
2.283333333333333
2.283333333333333
2.283333333333333
2.283333333333333
2.283333333333333
2.283333333333333
2.283333333333333
2.083333333333333
2.083333333333333
2.083333333333333
2.083333333333333
2.083333333333333
1.95
1.2
0.7
1.0333333333333332
0.5333333333333333
1.7
1.7
1.7
1.5333333333333332
1.3333333333333333
1.0333333333333332
1.0333333333333332
0.7
1.2
1.75
2.083333333333333
2.283333333333333
2.283333333333333
2.283333333333333
2.283333333333333
2.283333333333333
2.283333333333333
2.283333333333333
2.283333333333333
2.283333333333333
2.283333333333333
2.283333333333333
2.283333333333333
1.45
1.2
0.7
0.5333333333333333
0.5333333333333333
1.7
1.7
1.7
1.5333333333333332
1.3333333333333333
2.033333333333333
1.0333333333333332
1.0333333333333332
1.2
1.5333333333333332
1.8333333333333333
2.083333333333333
2.283333333333333
2.283333333333333
2.283333333333333
2.283333333333333
2.283333333333333
2.283333333333333
2.283333333333333
2.283333333333333
2.283333333333333
2.283333333333333
1.95
1.2
1.2
0.7
0.5333333333333333
0.5333333333333333
1.7
1.7
1.7
2.033333333333333
1.5333333333333332
1.5333333333333332
1.0333333333333332
1.0333333333333332
0.2
0.2
0.8333333333333333
1.0833333333333333
1.2833333333333332
1.2833333333333332
2.283333333333333
2.283333333333333
2.283333333333333
2.283333333333333
1.2833333333333332
1.2833333333333332
1.2833333333333332
1.2833333333333332
1.45
1.2
0.7
1.2833333333333332
0.7833333333333332
1.2833333333333332
0.95
0.95
0.95
1.2833333333333332
1.2833333333333332
0.7833333333333332
1.2833333333333332
1.2833333333333332
1.0333333333333332
0.2
1.2833333333333332
1.2833333333333332
1.2833333333333332
1.2833333333333332
2.283333333333333
2.283333333333333
2.283333333333333
2.283333333333333
2.283333333333333
2.283333333333333
2.283333333333333
0.7
0.2
0.2
0.2
0.5333333333333333
0.5333333333333333
1.0333333333333332
0.7
0.7
1.7
2.033333333333333
2.033333333333333
1.5333333333333332
1.5333333333333332
0.5333333333333333
0.5333333333333333
1.2
1.7
2.283333333333333
2.283333333333333
2.283333333333333
2.283333333333333
2.283333333333333
2.283333333333333
2.283333333333333
2.283333333333333
2.283333333333333
2.283333333333333
1.7
1.2
1.2
1.2
1.5333333333333332
1.5333333333333332
2.033333333333333
2.033333333333333
1.7
1.7
2.033333333333333
2.033333333333333
2.033333333333333
1.5333333333333332
1.5333333333333332
1.5333333333333332
2.033333333333333
1.7
2.283333333333333
2.283333333333333
2.283333333333333
2.283333333333333
2.283333333333333
2.283333333333333
2.283333333333333
2.283333333333333
2.283333333333333
2.283333333333333
2.283333333333333
2.283333333333333
2.283333333333333
2.283333333333333
2.283333333333333
2.283333333333333
2.283333333333333
2.283333333333333
2.283333333333333
2.283333333333333
2.283333333333333
2.283333333333333
2.283333333333333
2.283333333333333
2.283333333333333
2.283333333333333
2.283333333333333
2.283333333333333
2.283333333333333
2.283333333333333
2.283333333333333
2.283333333333333
2.283333333333333
2.283333333333333
2.283333333333333
2.283333333333333
2.283333333333333
2.283333333333333
2.283333333333333
2.283333333333333
2.283333333333333
2.283333333333333
2.283333333333333
2.283333333333333
2.283333333333333
2.283333333333333
2.283333333333333
2.283333333333333
2.283333333333333
2.283333333333333
2.283333333333333
2.283333333333333
2.283333333333333
2.283333333333333
2.283333333333333
2.283333333333333
2.283333333333333
2.283333333333333
2.283333333333333
2.283333333333333
2.283333333333333